I 000 969.96 20160121
C 001 669.99 20160129
I 002 996.96 20160131
C 003 996.96 20160104
C 004 996.99 20160113
I 005 666.66 20160104
C 006 996.96 20160125
C 007 969.96 20160126
C 008 966.69 20160112
C 009 969.96 20160124
I 010 999.99 20160108
C 011 669.99 20160106
I 012 969.96 20160122
C 013 996.99 20160129
I 014 996.96 20160108
C 015 666.99 20160106
I 016 996.99 20160127
C 017 666.96 20160112
I 018 969.96 20160108
C 019 969.96 20160121
C 020 696.99 20160106
C 021 996.96 20160108
C 022 999.96 20160109
C 023 699.96 20160101
I 024 999.99 20160130
C 025 966.96 20160104
I 026 666.99 20160121
C 027 996.96 20160119
C 028 996.99 20160121
C 029 699.69 20160128
I 030 996.99 20160127
C 031 666.66 20160107
C 032 999.99 20160105
C 033 996.96 20160112
C 034 969.96 20160106
I 035 999.66 20160102
I 036 966.96 20160129
C 037 996.96 20160104
C 038 999.96 20160129
C 039 999.99 20160122
C 040 696.66 20160109
I 041 969.96 20160126
I 042 996.99 20160113
I 043 666.96 20160101
I 044 969.96 20160102
C 045 996.99 20160123
I 046 999.96 20160111
I 047 999.99 20160109
C 048 999.99 20160131
C 049 999.96 20160107
I 050 699.96 20160107
I 051 996.96 20160129
C 052 666.66 20160109
I 053 666.99 20160109
I 054 999.96 20160101
C 055 996.96 20160113
I 056 669.99 20160118
I 057 969.99 20160103
I 058 666.69 20160106
I 059 969.96 20160109
I 060 696.66 20160117
I 061 969.99 20160125
I 062 969.96 20160105
I 063 969.96 20160124
C 064 999.99 20160121
C 065 969.96 20160109
I 066 999.99 20160122
C 067 996.99 20160126
C 068 969.99 20160127
C 069 969.99 20160125
I 070 666.99 20160122
C 071 666.99 20160121
C 072 996.99 20160117
I 073 996.96 20160106
I 074 996.99 20160130
I 075 996.99 20160130
I 076 999.96 20160124
I 077 666.99 20160120
I 078 999.99 20160111
I 079 996.99 20160122
C 080 966.69 20160112
I 081 969.96 20160116
I 082 996.96 20160111
C 083 999.66 20160131
C 084 996.96 20160114
C 085 666.99 20160128
C 086 966.69 20160130
C 087 999.96 20160130
I 088 966.69 20160111
I 089 999.96 20160111
I 090 966.69 20160125
C 091 996.96 20160109
C 092 999.96 20160112
I 093 999.66 20160111
I 094 666.69 20160127
I 095 996.96 20160106
I 096 996.96 20160116
I 097 969.96 20160114
C 098 666.99 20160112
I 099 999.96 20160129
C 100 666.99 20160114
I 101 999.96 20160127
I 102 666.99 20160111
C 103 696.66 20160108
I 104 966.69 20160112
C 105 999.99 20160121
I 106 996.99 20160108
C 107 996.96 20160124
C 108 969.99 20160130
I 109 999.99 20160128
I 110 999.99 20160106
I 111 999.99 20160120
I 112 999.96 20160120
I 113 669.99 20160103
I 114 666.99 20160108
C 115 669.99 20160117
C 116 696.66 20160126
C 117 996.99 20160116
I 118 666.99 20160128
C 119 999.99 20160130
I 120 999.99 20160121
I 121 699.69 20160126
I 122 996.96 20160130
C 123 666.66 20160113
I 124 669.99 20160105
C 125 999.99 20160125
C 126 999.99 20160104
C 127 999.66 20160124
C 128 969.96 20160124
I 129 699.96 20160112
I 130 696.66 20160106
C 131 699.96 20160114
I 132 669.99 20160129
C 133 999.99 20160122
C 134 999.99 20160119
C 135 969.99 20160122
I 136 996.96 20160124
C 137 969.96 20160127
I 138 696.66 20160111
I 139 669.99 20160113
I 140 666.66 20160106
I 141 999.96 20160129
I 142 669.99 20160119
I 143 996.99 20160123
I 144 996.96 20160112
C 145 996.96 20160114
I 146 996.99 20160109
C 147 666.99 20160122
I 148 666.66 20160131
C 149 999.99 20160128
I 150 966.69 20160120
I 151 996.96 20160112
C 152 666.66 20160117
C 153 969.99 20160116
I 154 999.99 20160125
C 155 996.96 20160111
I 156 996.96 20160101
I 157 969.96 20160107
C 158 996.96 20160118
C 159 999.99 20160104
I 160 996.96 20160107
C 161 969.96 20160128
C 162 999.99 20160116
C 163 969.99 20160131
I 164 969.99 20160104
C 165 669.99 20160131
C 166 999.96 20160103
I 167 999.99 20160121
C 168 969.96 20160125
I 169 969.96 20160103
I 170 696.99 20160104
I 171 999.99 20160103
C 172 999.96 20160109
C 173 969.99 20160114
I 174 666.99 20160122
I 175 969.96 20160123
C 176 999.96 20160124
C 177 999.99 20160128
C 178 999.66 20160125
I 179 999.96 20160105
C 180 999.96 20160122
I 181 996.96 20160109
I 182 996.96 20160127
I 183 996.99 20160127
I 184 969.99 20160120
I 185 996.96 20160122
C 186 996.96 20160109
C 187 999.96 20160111
I 188 996.99 20160108
C 189 969.96 20160114
C 190 969.96 20160114
C 191 969.99 20160119
C 192 996.96 20160107
I 193 999.96 20160120
I 194 996.99 20160119
I 195 996.96 20160108
C 196 999.99 20160108
C 197 999.99 20160121
C 198 996.96 20160102
C 199 666.99 20160122
C 200 999.66 20160105
I 201 969.96 20160103
I 202 999.99 20160128
C 203 999.96 20160104
I 204 696.66 20160123
I 205 999.66 20160130
I 206 999.99 20160125
I 207 666.66 20160112
I 208 966.69 20160118
I 209 969.96 20160106
C 210 999.99 20160126
I 211 999.96 20160131
I 212 666.96 20160106
C 213 999.99 20160129
C 214 669.99 20160114
C 215 999.96 20160131
I 216 696.66 20160125
C 217 996.96 20160107
C 218 996.96 20160108
C 219 999.99 20160130
C 220 999.99 20160109
C 221 999.66 20160112
C 222 669.99 20160108
I 223 999.99 20160114
C 224 699.96 20160126
C 225 996.96 20160129
I 226 969.99 20160117
I 227 666.96 20160111
C 228 999.99 20160119
C 229 999.99 20160124
I 230 999.99 20160102
C 231 999.99 20160102
I 232 969.96 20160125
I 233 669.99 20160116
C 234 999.96 20160117
C 235 699.96 20160109
I 236 969.99 20160127
I 237 999.99 20160112
I 238 969.96 20160124
C 239 999.96 20160104
I 240 996.96 20160117
I 241 666.69 20160125
C 242 969.96 20160103
I 243 996.96 20160108
C 244 969.99 20160130
I 245 666.96 20160118
C 246 999.99 20160124
C 247 999.99 20160105
C 248 996.99 20160112
I 249 999.99 20160122
I 250 999.99 20160104
I 251 699.69 20160116
I 252 999.99 20160109
C 253 999.99 20160122
I 254 999.99 20160105
I 255 969.99 20160124
I 256 666.66 20160103
C 257 969.96 20160125
C 258 999.96 20160121
C 259 999.66 20160103
C 260 969.96 20160121
I 261 999.99 20160124
I 262 969.99 20160128
I 263 999.96 20160117
I 264 666.96 20160106
C 265 999.96 20160116
I 266 969.96 20160127
C 267 996.99 20160130
C 268 999.99 20160118
I 269 996.99 20160112
I 270 969.99 20160116
C 271 969.96 20160121
C 272 999.96 20160126
I 273 969.99 20160116
I 274 999.99 20160130
I 275 966.96 20160104
C 276 996.96 20160131
C 277 969.99 20160113
I 278 669.99 20160104
I 279 996.99 20160109
C 280 999.96 20160122
C 281 966.96 20160128
C 282 999.96 20160131
C 283 996.96 20160121
C 284 969.96 20160110
I 285 999.99 20160109
C 286 996.96 20160130
I 287 996.96 20160117
C 288 996.96 20160112
C 289 969.96 20160124
I 290 999.66 20160124
I 291 996.96 20160129
C 292 996.96 20160109
C 293 969.99 20160117
I 294 996.99 20160117
I 295 996.96 20160123
C 296 666.96 20160114
I 297 999.99 20160129
C 298 999.99 20160129
C 299 969.96 20160109
C 300 996.99 20160125
I 301 666.96 20160112
I 302 999.96 20160108
C 303 996.96 20160108
I 304 996.99 20160114
C 305 969.99 20160111
C 306 999.99 20160104
I 307 999.66 20160121
C 308 699.69 20160118
I 309 999.99 20160106
C 310 969.99 20160118
C 311 666.66 20160129
I 312 999.96 20160111
C 313 999.99 20160126
I 314 999.99 20160129
I 315 969.99 20160114
C 316 996.96 20160131
C 317 969.99 20160125
I 318 969.99 20160111
I 319 996.96 20160106
C 320 999.96 20160111
I 321 699.96 20160124
I 322 999.99 20160114
C 323 999.99 20160124
I 324 996.96 20160105
C 325 966.69 20160106
C 326 969.96 20160117
C 327 999.96 20160128
C 328 669.99 20160122
I 329 666.96 20160130
C 330 999.99 20160111
I 331 999.99 20160128
I 332 999.96 20160121
I 333 669.99 20160121
C 334 669.99 20160128
I 335 999.66 20160109
C 336 666.99 20160108
C 337 996.99 20160109
I 338 666.99 20160121
I 339 996.96 20160107
I 340 666.66 20160121
I 341 999.96 20160109
C 342 996.96 20160127
I 343 966.96 20160107
C 344 999.96 20160121
C 345 669.99 20160119
I 346 969.96 20160124
C 347 969.99 20160106
C 348 969.96 20160104
C 349 999.96 20160127
I 350 999.99 20160103
C 351 996.99 20160114
C 352 666.96 20160106
C 353 999.99 20160117
C 354 999.96 20160127
I 355 999.99 20160124
I 356 699.96 20160102
I 357 969.96 20160121
C 358 999.99 20160113
I 359 999.99 20160106
C 360 966.99 20160112
C 361 666.96 20160101
C 362 699.96 20160104
C 363 999.96 20160111
I 364 669.99 20160114
I 365 996.96 20160121
I 366 999.96 20160116
I 367 999.96 20160126
I 368 996.99 20160127
C 369 996.96 20160130
C 370 696.66 20160111
C 371 666.99 20160123
I 372 969.96 20160127
C 373 696.66 20160126
I 374 999.66 20160103
C 375 669.99 20160117
C 376 969.96 20160107
I 377 996.99 20160128
C 378 666.69 20160106
C 379 996.99 20160129
C 380 996.96 20160107
C 381 669.99 20160105
C 382 999.96 20160129
C 383 999.96 20160114
C 384 969.96 20160126
C 385 969.96 20160107
I 386 999.99 20160101
C 387 666.99 20160125
I 388 999.96 20160125
I 389 999.96 20160128
C 390 999.99 20160131
I 391 969.99 20160116
C 392 966.96 20160131
C 393 966.96 20160109
I 394 999.99 20160122
I 395 669.99 20160126
I 396 999.96 20160101
C 397 669.99 20160117
C 398 969.96 20160108
I 399 999.96 20160108
C 400 669.99 20160119
I 401 996.96 20160112
I 402 999.96 20160111
I 403 969.99 20160124
I 404 996.99 20160114
C 405 999.96 20160114
C 406 969.99 20160117
C 407 999.99 20160107
I 408 669.99 20160106
I 409 669.99 20160130
C 410 966.96 20160106
C 411 999.96 20160106
I 412 666.66 20160116
C 413 666.69 20160128
I 414 969.96 20160105
C 415 999.99 20160131
C 416 999.99 20160108
C 417 666.99 20160128
C 418 999.96 20160119
I 419 699.96 20160101
C 420 999.66 20160111
I 421 996.99 20160121
I 422 969.99 20160114
C 423 666.96 20160130
C 424 996.99 20160124
C 425 996.99 20160116
C 426 999.99 20160109
I 427 696.66 20160106
C 428 666.69 20160130
C 429 666.66 20160107
C 430 996.96 20160129
I 431 999.99 20160103
I 432 999.96 20160121
I 433 969.96 20160121
C 434 666.69 20160103
I 435 999.96 20160117
I 436 666.99 20160108
I 437 966.69 20160103
I 438 999.99 20160120
I 439 696.99 20160106
I 440 996.96 20160101
I 441 969.96 20160114
C 442 699.96 20160114
C 443 966.69 20160123
C 444 666.66 20160124
C 445 666.66 20160118
I 446 666.99 20160126
C 447 969.96 20160126
C 448 999.99 20160101
C 449 969.99 20160102
I 450 999.96 20160108
I 451 669.99 20160125
C 452 669.99 20160121
C 453 666.96 20160129
C 454 696.66 20160109
C 455 969.96 20160129
I 456 969.99 20160116
I 457 999.96 20160104
I 458 669.99 20160126
I 459 969.99 20160125
I 460 996.96 20160127
C 461 996.96 20160109
I 462 966.96 20160101
I 463 999.96 20160111
I 464 666.99 20160114
C 465 966.69 20160127
C 466 996.99 20160131
C 467 969.96 20160109
C 468 999.99 20160116
C 469 996.99 20160131
C 470 966.69 20160119
I 471 999.96 20160125
C 472 666.99 20160108
C 473 999.96 20160125
C 474 669.99 20160126
I 475 996.96 20160104
C 476 969.99 20160128
I 477 996.99 20160124
C 478 969.99 20160117
I 479 969.99 20160111
I 480 699.96 20160111
C 481 996.96 20160106
C 482 969.96 20160118
C 483 999.99 20160130
C 484 996.99 20160109
C 485 999.99 20160124
I 486 999.99 20160124
C 487 999.96 20160122
I 488 966.96 20160125
C 489 969.96 20160116
C 490 999.96 20160112
I 491 666.66 20160118
C 492 696.99 20160110
C 493 666.96 20160114
I 494 999.99 20160103
I 495 999.96 20160107
I 496 969.99 20160125
C 497 969.99 20160117
C 498 969.99 20160103
I 499 999.99 20160101
I 500 999.99 20160127
I 501 666.96 20160112
I 502 999.96 20160111
I 503 969.96 20160106
I 504 669.99 20160102
I 505 999.99 20160118
C 506 999.99 20160108
I 507 999.66 20160122
C 508 996.96 20160130
I 509 996.99 20160120
I 510 969.99 20160101
C 511 999.96 20160119
I 512 969.96 20160111
C 513 996.99 20160121
I 514 999.96 20160101
C 515 999.96 20160107
I 516 969.96 20160105
I 517 999.99 20160120
I 518 996.96 20160108
I 519 999.96 20160117
I 520 669.99 20160118
C 521 996.96 20160114
C 522 696.66 20160117
I 523 666.99 20160105
I 524 969.96 20160124
I 525 996.96 20160126
I 526 999.96 20160120
C 527 666.96 20160113
C 528 996.96 20160112
C 529 669.99 20160104
C 530 999.99 20160106
I 531 999.99 20160116
I 532 969.99 20160125
I 533 969.96 20160126
I 534 999.99 20160121
I 535 969.96 20160116
C 536 996.96 20160123
C 537 996.99 20160125
I 538 999.96 20160127
C 539 999.96 20160111
C 540 999.99 20160124
C 541 999.99 20160107
I 542 999.96 20160103
I 543 999.99 20160123
C 544 666.99 20160113
C 545 669.99 20160104
I 546 666.66 20160107
I 547 966.69 20160129
I 548 999.99 20160126
I 549 969.96 20160125
C 550 996.96 20160119
C 551 669.99 20160131
I 552 996.99 20160116
I 553 996.96 20160107
I 554 996.96 20160104
I 555 999.96 20160101
C 556 999.66 20160122
I 557 996.96 20160127
C 558 969.99 20160127
I 559 666.69 20160103
C 560 999.69 20160121
C 561 996.96 20160125
C 562 666.96 20160119
C 563 969.96 20160124
I 564 996.96 20160112
C 565 666.66 20160103
I 566 969.99 20160112
I 567 969.99 20160119
I 568 999.99 20160121
I 569 999.99 20160117
C 570 666.96 20160108
C 571 969.96 20160103
I 572 999.96 20160111
C 573 999.99 20160122
I 574 669.99 20160117
I 575 969.96 20160124
I 576 966.99 20160109
C 577 996.99 20160130
C 578 996.99 20160129
C 579 969.96 20160127
I 580 996.96 20160120
I 581 666.66 20160129
C 582 666.99 20160110
C 583 969.96 20160125
I 584 996.99 20160121
C 585 969.99 20160117
C 586 999.96 20160104
I 587 699.96 20160103
C 588 999.96 20160111
I 589 999.99 20160114
C 590 996.99 20160109
I 591 969.96 20160122
I 592 969.99 20160127
C 593 996.99 20160117
I 594 999.99 20160106
I 595 696.66 20160107
C 596 999.99 20160109
I 597 666.99 20160107
I 598 996.96 20160112
I 599 666.96 20160113
C 600 999.96 20160113
C 601 969.99 20160128
I 602 999.96 20160122
I 603 666.96 20160129
C 604 999.99 20160109
